[gd_scene load_steps=5 format=3 uid="uid://cnqyn1yo6xfx7"]

[ext_resource type="PackedScene" uid="uid://cgqqej05hu5mo" path="res://block.tscn" id="1_6cs3u"]
[ext_resource type="PackedScene" uid="uid://dctc64chtidos" path="res://player.tscn" id="2_wrd13"]

[sub_resource type="BoxMesh" id="BoxMesh_x1ecv"]
size = Vector3(20, 0.5, 20)

[sub_resource type="BoxShape3D" id="BoxShape3D_wgqqm"]
size = Vector3(20, 0.5, 20)

[node name="level1" type="Node3D"]

[node name="floor" type="StaticBody3D" parent="."]
metadata/_edit_group_ = true

[node name="MeshInstance3D" type="MeshInstance3D" parent="floor"]
mesh = SubResource("BoxMesh_x1ecv")

[node name="CollisionShape3D" type="CollisionShape3D" parent="floor"]
shape = SubResource("BoxShape3D_wgqqm")

[node name="DirectionalLight3D" type="DirectionalLight3D" parent="."]
transform = Transform3D(-0.936981, -0.108066, 0.332246, 0.311695, 0.171052, 0.934659, -0.157836, 0.979318, -0.126589, 21.7743, 19.3477, -7.10439)
shadow_enabled = true

[node name="Block" parent="." instance=ExtResource("1_6cs3u")]
transform = Transform3D(0.805958, 0.480651, 0.345552, -0.21856, 0.784095, -0.580884, -0.550148, 0.392644, 0.736999, 2.97832, 7.26969, 1.95184)

[node name="Block3" parent="." instance=ExtResource("1_6cs3u")]
transform = Transform3D(0.53192, -0.60338, 0.594133, 0.619187, 0.755756, 0.213167, -0.57764, 0.254492, 0.775607, 2.01553, 9.137, 1.95184)

[node name="Block4" parent="." instance=ExtResource("1_6cs3u")]
transform = Transform3D(-0.257328, -0.949679, -0.178584, 0.919802, -0.297372, 0.255996, -0.29622, -0.0983869, 0.950039, 4.51825, 6.64585, 1.28517)

[node name="Block6" parent="." instance=ExtResource("1_6cs3u")]
transform = Transform3D(0.435566, -0.862183, 0.258696, 0.279678, -0.143545, -0.949302, 0.855607, 0.485835, 0.17861, 1.39963, 10.255, 3.62727)

[node name="Block8" parent="." instance=ExtResource("1_6cs3u")]
transform = Transform3D(0.776922, -0.241648, -0.581377, -0.123881, 0.846687, -0.51747, 0.61729, 0.474055, 0.627874, 0.973019, 7.63649, 3.54766)

[node name="Block2" parent="." instance=ExtResource("1_6cs3u")]
transform = Transform3D(0.703917, 0.243693, 0.667169, -0.5927, 0.719153, 0.362665, -0.391418, -0.650717, 0.650661, -7.27956, 15.4423, -4.81555)

[node name="Player" parent="." instance=ExtResource("2_wrd13")]
transform = Transform3D(1, 0, 0, 0, 1, 0, 0, 0, 1, 3.22332, 1.22345, -1.6717)

[node name="Camera3D" type="Camera3D" parent="Player"]
transform = Transform3D(0.999822, -0.0116801, 0.0148418, 0.0106069, 0.997459, 0.0704422, -0.0156268, -0.0702722, 0.997405, -0.414501, 1.71327, 4.21892)
